"case","base_url","model","gpu_index","target_prompt_tokens","actual_prompt_tokens_max","max_tokens","runs","warmup_runs","status","exit_code","context_started_at","context_ended_at","context_elapsed_seconds","avg_wall_completion_tps","result_csv"
"qwopus3.6-35b-a3b-coder-mtp-q5-k-m-llamacpp-ctx200k-ngram-mod-draft-mtp-mtpn3-request-nothink-prompt10k-gen1024","http://127.0.0.1:39191/v1","qwopus3.6-35b-a3b-coder-mtp-q5-k-m","0","10000","8907","1024","1","0","ok","0","2026-06-30T01:27:03.6747864-07:00","2026-06-30T01:27:13.8218813-07:00","10.144","113.263","D:\forPublic\nvidia-local-llm-profiles\results\rtx-5090\qwopus3.6-35b-a3b-coder-mtp-q5-k-m-llamacpp-ctx200k-ngram-mod-draft-mtp-mtpn3-request-nothink-prompt10k-gen1024-20260630-012703.csv"
